1.000000000000000000e+01 4.315702823307514996e-07
1.500000000000000000e+01 1.954538823644175752e-06
2.000000000000000000e+01 5.691176915664365254e-06
2.300000000000000000e+01 9.554220600574108891e-06
3.000000000000000000e+01 2.551411030138331905e-05
3.300000000000000000e+01 3.625465282066050093e-05
4.000000000000000000e+01 7.353348944950337653e-05
4.100000000000000000e+01 8.050359809631555470e-05
4.400000000000000000e+01 1.042718677919939627e-04
5.000000000000000000e+01 1.663531000907842643e-04
6.000000000000000000e+01 3.228812124077507992e-04
6.100000000000000000e+01 3.428213794928853479e-04
6.800000000000000000e+01 5.078241028075052748e-04
7.000000000000000000e+01 5.637996765540089156e-04
7.800000000000000000e+01 8.320530192653241694e-04
8.000000000000000000e+01 9.111207892731510317e-04
8.500000000000000000e+01 1.131830557444642648e-03
8.900000000000000000e+01 1.333649092437842439e-03
9.000000000000000000e+01 1.387807951214012738e-03
9.400000000000000000e+01 1.619974265834896784e-03
9.500000000000000000e+01 1.682017949726556574e-03
1.000000000000000000e+02 2.017446046190691025e-03
1.150000000000000000e+02 3.301033028231360918e-03
1.190000000000000000e+02 3.720864666734740277e-03
1.300000000000000000e+02 5.063403389524373868e-03
1.400000000000000000e+02 6.543697459262918723e-03
1.430000000000000000e+02 7.039639103343375837e-03
1.450000000000000000e+02 7.384130281617010995e-03
1.500000000000000000e+02 8.295184264509605776e-03
1.550000000000000000e+02 9.279624973559330581e-03
1.600000000000000000e+02 1.034016708204398526e-02
1.660000000000000000e+02 1.171701262398801464e-02
1.750000000000000000e+02 1.400470679158210760e-02
1.950000000000000000e+02 2.011049906904474258e-02
2.150000000000000000e+02 2.774404655748084064e-02
2.170000000000000000e+02 2.859651640295650735e-02
2.200000000000000000e+02 2.990654404688697712e-02
2.350000000000000000e+02 3.703287056873379862e-02
2.450000000000000000e+02 4.233211190090237913e-02
2.550000000000000000e+02 4.808335429830451480e-02
2.700000000000000000e+02 5.757885669912097409e-02
2.800000000000000000e+02 6.450006305173822119e-02
2.950000000000000000e+02 7.578397407071466030e-02
3.370000000000000000e+02 1.132309525200237976e-01
3.400000000000000000e+02 1.162372484006009288e-01
3.530000000000000000e+02 1.297727776260507448e-01
3.900000000000000000e+02 1.727494836484573526e-01
4.020000000000000000e+02 1.880666098146384635e-01
4.500000000000000000e+02 2.556777727778647979e-01
5.200000000000000000e+02 3.702636644078635131e-01
5.450000000000000000e+02 4.149462527120215682e-01
6.000000000000000000e+02 5.183531283385971467e-01
8.570000000000000000e+02 1.016459661799286485e+00
3.000000000000000000e+03 4.366088541402967649e-01
